              precision    recall  f1-score   support

           0     0.8341    0.8950    0.8635      1000
           1     0.9909    0.9830    0.9869      1000
           2     0.8078    0.9120    0.8567      1000
           3     0.9290    0.9030    0.9158      1000
           4     0.8896    0.8300    0.8588      1000
           5     0.9850    0.9830    0.9840      1000
           6     0.7794    0.7030    0.7392      1000
           7     0.9555    0.9660    0.9607      1000
           8     0.9869    0.9810    0.9840      1000
           9     0.9669    0.9630    0.9649      1000

    accuracy                         0.9119     10000
   macro avg     0.9125    0.9119    0.9115     10000
weighted avg     0.9125    0.9119    0.9115     10000
